# coding:iso-8859-9 Türkçe
# p_30410.py: Bir þehrin diðerlerine uzaklýðý listesini her þehrin diðer her þehre uzaklýðý matrisine çevirme örneði.

import numpy as np

þehirler = ["Barselona", "Berlin", "Brüksel", "Buçarest", "Budapeþte",
    "Kopenhag", "Dublin", "Hamburg", "Ýstanbul", "Kiyev", "Londra", "Madrid",
    "Milan", "Moskova", "Münih", "Paris", "Prag", "Roma", "Sen Petersburg",
    "Stokholm", "Viyana", "Varþova"] # Toplam 22 þehir...

barselonayaMil = [0,  1498, 1063, 1968, 1498, 1758, 1469, 1472, 2230, 2391,
    1138, 505, 725, 3007, 1055, 833, 1354, 857, 2813, 2277, 1347, 1862]

barselonaya =  np.array (barselonayaMil)
#barselonaya = np.abs (barselonaya * 1.613) # Mil-->Km çevrimi...
herbirine = np.abs (barselonaya - barselonaya[:, np.newaxis])

print ("Barselona'dan diðer 21 þehre olan mesafe/Km dizisi:\n", barselonaya, sep="")
print ("\nHerbir '0' þehirden diðer 21'ine olan mesafe matrisi:\n", herbirine, sep="")

print ("\nHerbir þehirden diðerine alt-alta döküm:")
for i in range (len (þehirler)):
    for j in range (len (þehirler)):
        print (þehirler [i], "-->", þehirler [j], ": ", herbirine [i] [j], " km", sep="")
    print() #input ("[Ent]:")



"""Çýktý:
>python p_30410.py
Barselona'dan diðer 21 þehre olan mesafe/Km dizisi:
[   0 1498 1063 1968 1498 1758 1469 1472 2230 2391 1138  505  725 3007
 1055  833 1354  857 2813 2277 1347 1862]

Herbir '0' þehirden diðer 21'ine olan mesafe matrisi:
[[   0 1498 1063 1968 1498 1758 1469 1472 2230 2391 1138  505  725 3007 1055  833 1354  857 2813 2277 1347 1862]
 [1498    0  435  470    0  260   29   26  732  893  360  993  773 1509  443  665  144  641 1315  779  151  364]
 [1063  435    0  905  435  695  406  409 1167 1328   75  558  338 1944  8  230  291  206 1750 1214  284  799]
 [1968  470  905    0  470  210  499  496  262  423  830 1463 1243 1039  913 1135  614 1111  845  309  621  106]
 [1498    0  435  470    0  260   29   26  732  893  360  993  773 1509  443  665  144  641 1315  779  151  364]
 [1758  260  695  210  260    0  289  286  472  633  620 1253 1033 1249  703  925  404  901 1055  519  411  104]
 [1469   29  406  499   29  289    0    3  761  922  331  964  744 1538  414  636  115  612 1344  808  122  393]
 [1472   26  409  496   26  286    3    0  758  919  334  967  747 1535  417  639  118  615 1341  805  125  390]
 [2230  732 1167  262  732  472  761  758    0  161 1092 1725 1505  777 1175 1397  876 1373  583   47  883  368]
 [2391  893 1328  423  893  633  922  919  161    0 1253 1886 1666  616 1336 1558 1037 1534  422  114 1044  529]
 [1138  360   75  830  360  620  331  334 1092 1253    0  633  413 1869   83  305  216  281 1675 1139  209  724]
 [ 505  993  558 1463  993 1253  964  967 1725 1886  633    0  220 2502  550  328  849  352 2308 1772  842 1357]
 [ 725  773  338 1243  773 1033  744  747 1505 1666  413  220    0 2282  330  108  629  132 2088 1552  622 1137]
 [3007 1509 1944 1039 1509 1249 1538 1535  777  616 1869 2502 2282    0 1952 2174 1653 2150  194  730 1660 1145]
 [1055  443    8  913  443  703  414  417 1175 1336   83  550  330 1952   0  222  299  198 1758 1222  292  807]
 [ 833  665  230 1135  665  925  636  639 1397 1558  305  328  108 2174  222    0  521   24 1980 1444  514 1029]
 [1354  144  291  614  144  404  115  118  876 1037  216  849  629 1653  299  521    0  497 1459  923    7  508]
 [ 857  641  206 1111  641  901  612  615 1373 1534  281  352  132 2150  198   24  497    0 1956 1420  490 1005]
 [2813 1315 1750  845 1315 1055 1344 1341  583  422 1675 2308 2088  194 1758 1980 1459 1956    0  536 1466  951]
 [2277  779 1214  309  779  519  808  805   47  114 1139 1772 1552  730 1222 1444  923 1420  536    0  930  415]
 [1347  151  284  621  151  411  122  125  883 1044  209  842  622 1660  292  514    7  490 1466  930    0  515]
 [1862  364  799  106  364  104  393  390  368  529  724 1357 1137 1145  807 1029  508 1005  951  415  515    0]]

Herbir þehirden diðerine alt-alta döküm:
Barselona-->Barselona: 0 km
Barselona-->Berlin: 1498 km
Barselona-->Brüksel: 1063 km
Barselona-->Buçarest: 1968 km
Barselona-->Budapeþte: 1498 km
Barselona-->Kopenhag: 1758 km
Barselona-->Dublin: 1469 km
Barselona-->Hamburg: 1472 km
Barselona-->Ýstanbul: 2230 km
Barselona-->Kiyev: 2391 km
Barselona-->Londra: 1138 km
Barselona-->Madrid: 505 km
Barselona-->Milan: 725 km
Barselona-->Moskova: 3007 km
Barselona-->Münih: 1055 km
Barselona-->Paris: 833 km
Barselona-->Prag: 1354 km
Barselona-->Roma: 857 km
Barselona-->Sen Petersburg: 2813 km
Barselona-->Stokholm: 2277 km
Barselona-->Viyana: 1347 km
Barselona-->Varþova: 1862 km

Berlin-->Barselona: 1498 km
Berlin-->Berlin: 0 km
Berlin-->Brüksel: 435 km
Berlin-->Buçarest: 470 km
Berlin-->Budapeþte: 0 km
Berlin-->Kopenhag: 260 km
Berlin-->Dublin: 29 km
Berlin-->Hamburg: 26 km
Berlin-->Ýstanbul: 732 km
Berlin-->Kiyev: 893 km
Berlin-->Londra: 360 km
Berlin-->Madrid: 993 km
Berlin-->Milan: 773 km
Berlin-->Moskova: 1509 km
Berlin-->Münih: 443 km
Berlin-->Paris: 665 km
Berlin-->Prag: 144 km
Berlin-->Roma: 641 km
Berlin-->Sen Petersburg: 1315 km
Berlin-->Stokholm: 779 km
Berlin-->Viyana: 151 km
Berlin-->Varþova: 364 km

Brüksel-->Barselona: 1063 km
Brüksel-->Berlin: 435 km
Brüksel-->Brüksel: 0 km
Brüksel-->Buçarest: 905 km
Brüksel-->Budapeþte: 435 km
Brüksel-->Kopenhag: 695 km
Brüksel-->Dublin: 406 km
Brüksel-->Hamburg: 409 km
Brüksel-->Ýstanbul: 1167 km
Brüksel-->Kiyev: 1328 km
Brüksel-->Londra: 75 km
Brüksel-->Madrid: 558 km
Brüksel-->Milan: 338 km
Brüksel-->Moskova: 1944 km
Brüksel-->Münih: 8 km
Brüksel-->Paris: 230 km
Brüksel-->Prag: 291 km
Brüksel-->Roma: 206 km
Brüksel-->Sen Petersburg: 1750 km
Brüksel-->Stokholm: 1214 km
Brüksel-->Viyana: 284 km
Brüksel-->Varþova: 799 km

Buçarest-->Barselona: 1968 km
Buçarest-->Berlin: 470 km
Buçarest-->Brüksel: 905 km
Buçarest-->Buçarest: 0 km
Buçarest-->Budapeþte: 470 km
Buçarest-->Kopenhag: 210 km
Buçarest-->Dublin: 499 km
Buçarest-->Hamburg: 496 km
Buçarest-->Ýstanbul: 262 km
Buçarest-->Kiyev: 423 km
Buçarest-->Londra: 830 km
Buçarest-->Madrid: 1463 km
Buçarest-->Milan: 1243 km
Buçarest-->Moskova: 1039 km
Buçarest-->Münih: 913 km
Buçarest-->Paris: 1135 km
Buçarest-->Prag: 614 km
Buçarest-->Roma: 1111 km
Buçarest-->Sen Petersburg: 845 km
Buçarest-->Stokholm: 309 km
Buçarest-->Viyana: 621 km
Buçarest-->Varþova: 106 km

Budapeþte-->Barselona: 1498 km
Budapeþte-->Berlin: 0 km
Budapeþte-->Brüksel: 435 km
Budapeþte-->Buçarest: 470 km
Budapeþte-->Budapeþte: 0 km
Budapeþte-->Kopenhag: 260 km
Budapeþte-->Dublin: 29 km
Budapeþte-->Hamburg: 26 km
Budapeþte-->Ýstanbul: 732 km
Budapeþte-->Kiyev: 893 km
Budapeþte-->Londra: 360 km
Budapeþte-->Madrid: 993 km
Budapeþte-->Milan: 773 km
Budapeþte-->Moskova: 1509 km
Budapeþte-->Münih: 443 km
Budapeþte-->Paris: 665 km
Budapeþte-->Prag: 144 km
Budapeþte-->Roma: 641 km
Budapeþte-->Sen Petersburg: 1315 km
Budapeþte-->Stokholm: 779 km
Budapeþte-->Viyana: 151 km
Budapeþte-->Varþova: 364 km

Kopenhag-->Barselona: 1758 km
Kopenhag-->Berlin: 260 km
Kopenhag-->Brüksel: 695 km
Kopenhag-->Buçarest: 210 km
Kopenhag-->Budapeþte: 260 km
Kopenhag-->Kopenhag: 0 km
Kopenhag-->Dublin: 289 km
Kopenhag-->Hamburg: 286 km
Kopenhag-->Ýstanbul: 472 km
Kopenhag-->Kiyev: 633 km
Kopenhag-->Londra: 620 km
Kopenhag-->Madrid: 1253 km
Kopenhag-->Milan: 1033 km
Kopenhag-->Moskova: 1249 km
Kopenhag-->Münih: 703 km
Kopenhag-->Paris: 925 km
Kopenhag-->Prag: 404 km
Kopenhag-->Roma: 901 km
Kopenhag-->Sen Petersburg: 1055 km
Kopenhag-->Stokholm: 519 km
Kopenhag-->Viyana: 411 km
Kopenhag-->Varþova: 104 km

Dublin-->Barselona: 1469 km
Dublin-->Berlin: 29 km
Dublin-->Brüksel: 406 km
Dublin-->Buçarest: 499 km
Dublin-->Budapeþte: 29 km
Dublin-->Kopenhag: 289 km
Dublin-->Dublin: 0 km
Dublin-->Hamburg: 3 km
Dublin-->Ýstanbul: 761 km
Dublin-->Kiyev: 922 km
Dublin-->Londra: 331 km
Dublin-->Madrid: 964 km
Dublin-->Milan: 744 km
Dublin-->Moskova: 1538 km
Dublin-->Münih: 414 km
Dublin-->Paris: 636 km
Dublin-->Prag: 115 km
Dublin-->Roma: 612 km
Dublin-->Sen Petersburg: 1344 km
Dublin-->Stokholm: 808 km
Dublin-->Viyana: 122 km
Dublin-->Varþova: 393 km

Hamburg-->Barselona: 1472 km
Hamburg-->Berlin: 26 km
Hamburg-->Brüksel: 409 km
Hamburg-->Buçarest: 496 km
Hamburg-->Budapeþte: 26 km
Hamburg-->Kopenhag: 286 km
Hamburg-->Dublin: 3 km
Hamburg-->Hamburg: 0 km
Hamburg-->Ýstanbul: 758 km
Hamburg-->Kiyev: 919 km
Hamburg-->Londra: 334 km
Hamburg-->Madrid: 967 km
Hamburg-->Milan: 747 km
Hamburg-->Moskova: 1535 km
Hamburg-->Münih: 417 km
Hamburg-->Paris: 639 km
Hamburg-->Prag: 118 km
Hamburg-->Roma: 615 km
Hamburg-->Sen Petersburg: 1341 km
Hamburg-->Stokholm: 805 km
Hamburg-->Viyana: 125 km
Hamburg-->Varþova: 390 km

Ýstanbul-->Barselona: 2230 km
Ýstanbul-->Berlin: 732 km
Ýstanbul-->Brüksel: 1167 km
Ýstanbul-->Buçarest: 262 km
Ýstanbul-->Budapeþte: 732 km
Ýstanbul-->Kopenhag: 472 km
Ýstanbul-->Dublin: 761 km
Ýstanbul-->Hamburg: 758 km
Ýstanbul-->Ýstanbul: 0 km
Ýstanbul-->Kiyev: 161 km
Ýstanbul-->Londra: 1092 km
Ýstanbul-->Madrid: 1725 km
Ýstanbul-->Milan: 1505 km
Ýstanbul-->Moskova: 777 km
Ýstanbul-->Münih: 1175 km
Ýstanbul-->Paris: 1397 km
Ýstanbul-->Prag: 876 km
Ýstanbul-->Roma: 1373 km
Ýstanbul-->Sen Petersburg: 583 km
Ýstanbul-->Stokholm: 47 km
Ýstanbul-->Viyana: 883 km
Ýstanbul-->Varþova: 368 km

Kiyev-->Barselona: 2391 km
Kiyev-->Berlin: 893 km
Kiyev-->Brüksel: 1328 km
Kiyev-->Buçarest: 423 km
Kiyev-->Budapeþte: 893 km
Kiyev-->Kopenhag: 633 km
Kiyev-->Dublin: 922 km
Kiyev-->Hamburg: 919 km
Kiyev-->Ýstanbul: 161 km
Kiyev-->Kiyev: 0 km
Kiyev-->Londra: 1253 km
Kiyev-->Madrid: 1886 km
Kiyev-->Milan: 1666 km
Kiyev-->Moskova: 616 km
Kiyev-->Münih: 1336 km
Kiyev-->Paris: 1558 km
Kiyev-->Prag: 1037 km
Kiyev-->Roma: 1534 km
Kiyev-->Sen Petersburg: 422 km
Kiyev-->Stokholm: 114 km
Kiyev-->Viyana: 1044 km
Kiyev-->Varþova: 529 km

Londra-->Barselona: 1138 km
Londra-->Berlin: 360 km
Londra-->Brüksel: 75 km
Londra-->Buçarest: 830 km
Londra-->Budapeþte: 360 km
Londra-->Kopenhag: 620 km
Londra-->Dublin: 331 km
Londra-->Hamburg: 334 km
Londra-->Ýstanbul: 1092 km
Londra-->Kiyev: 1253 km
Londra-->Londra: 0 km
Londra-->Madrid: 633 km
Londra-->Milan: 413 km
Londra-->Moskova: 1869 km
Londra-->Münih: 83 km
Londra-->Paris: 305 km
Londra-->Prag: 216 km
Londra-->Roma: 281 km
Londra-->Sen Petersburg: 1675 km
Londra-->Stokholm: 1139 km
Londra-->Viyana: 209 km
Londra-->Varþova: 724 km

Madrid-->Barselona: 505 km
Madrid-->Berlin: 993 km
Madrid-->Brüksel: 558 km
Madrid-->Buçarest: 1463 km
Madrid-->Budapeþte: 993 km
Madrid-->Kopenhag: 1253 km
Madrid-->Dublin: 964 km
Madrid-->Hamburg: 967 km
Madrid-->Ýstanbul: 1725 km
Madrid-->Kiyev: 1886 km
Madrid-->Londra: 633 km
Madrid-->Madrid: 0 km
Madrid-->Milan: 220 km
Madrid-->Moskova: 2502 km
Madrid-->Münih: 550 km
Madrid-->Paris: 328 km
Madrid-->Prag: 849 km
Madrid-->Roma: 352 km
Madrid-->Sen Petersburg: 2308 km
Madrid-->Stokholm: 1772 km
Madrid-->Viyana: 842 km
Madrid-->Varþova: 1357 km

Milan-->Barselona: 725 km
Milan-->Berlin: 773 km
Milan-->Brüksel: 338 km
Milan-->Buçarest: 1243 km
Milan-->Budapeþte: 773 km
Milan-->Kopenhag: 1033 km
Milan-->Dublin: 744 km
Milan-->Hamburg: 747 km
Milan-->Ýstanbul: 1505 km
Milan-->Kiyev: 1666 km
Milan-->Londra: 413 km
Milan-->Madrid: 220 km
Milan-->Milan: 0 km
Milan-->Moskova: 2282 km
Milan-->Münih: 330 km
Milan-->Paris: 108 km
Milan-->Prag: 629 km
Milan-->Roma: 132 km
Milan-->Sen Petersburg: 2088 km
Milan-->Stokholm: 1552 km
Milan-->Viyana: 622 km
Milan-->Varþova: 1137 km

Moskova-->Barselona: 3007 km
Moskova-->Berlin: 1509 km
Moskova-->Brüksel: 1944 km
Moskova-->Buçarest: 1039 km
Moskova-->Budapeþte: 1509 km
Moskova-->Kopenhag: 1249 km
Moskova-->Dublin: 1538 km
Moskova-->Hamburg: 1535 km
Moskova-->Ýstanbul: 777 km
Moskova-->Kiyev: 616 km
Moskova-->Londra: 1869 km
Moskova-->Madrid: 2502 km
Moskova-->Milan: 2282 km
Moskova-->Moskova: 0 km
Moskova-->Münih: 1952 km
Moskova-->Paris: 2174 km
Moskova-->Prag: 1653 km
Moskova-->Roma: 2150 km
Moskova-->Sen Petersburg: 194 km
Moskova-->Stokholm: 730 km
Moskova-->Viyana: 1660 km
Moskova-->Varþova: 1145 km

Münih-->Barselona: 1055 km
Münih-->Berlin: 443 km
Münih-->Brüksel: 8 km
Münih-->Buçarest: 913 km
Münih-->Budapeþte: 443 km
Münih-->Kopenhag: 703 km
Münih-->Dublin: 414 km
Münih-->Hamburg: 417 km
Münih-->Ýstanbul: 1175 km
Münih-->Kiyev: 1336 km
Münih-->Londra: 83 km
Münih-->Madrid: 550 km
Münih-->Milan: 330 km
Münih-->Moskova: 1952 km
Münih-->Münih: 0 km
Münih-->Paris: 222 km
Münih-->Prag: 299 km
Münih-->Roma: 198 km
Münih-->Sen Petersburg: 1758 km
Münih-->Stokholm: 1222 km
Münih-->Viyana: 292 km
Münih-->Varþova: 807 km

Paris-->Barselona: 833 km
Paris-->Berlin: 665 km
Paris-->Brüksel: 230 km
Paris-->Buçarest: 1135 km
Paris-->Budapeþte: 665 km
Paris-->Kopenhag: 925 km
Paris-->Dublin: 636 km
Paris-->Hamburg: 639 km
Paris-->Ýstanbul: 1397 km
Paris-->Kiyev: 1558 km
Paris-->Londra: 305 km
Paris-->Madrid: 328 km
Paris-->Milan: 108 km
Paris-->Moskova: 2174 km
Paris-->Münih: 222 km
Paris-->Paris: 0 km
Paris-->Prag: 521 km
Paris-->Roma: 24 km
Paris-->Sen Petersburg: 1980 km
Paris-->Stokholm: 1444 km
Paris-->Viyana: 514 km
Paris-->Varþova: 1029 km

Prag-->Barselona: 1354 km
Prag-->Berlin: 144 km
Prag-->Brüksel: 291 km
Prag-->Buçarest: 614 km
Prag-->Budapeþte: 144 km
Prag-->Kopenhag: 404 km
Prag-->Dublin: 115 km
Prag-->Hamburg: 118 km
Prag-->Ýstanbul: 876 km
Prag-->Kiyev: 1037 km
Prag-->Londra: 216 km
Prag-->Madrid: 849 km
Prag-->Milan: 629 km
Prag-->Moskova: 1653 km
Prag-->Münih: 299 km
Prag-->Paris: 521 km
Prag-->Prag: 0 km
Prag-->Roma: 497 km
Prag-->Sen Petersburg: 1459 km
Prag-->Stokholm: 923 km
Prag-->Viyana: 7 km
Prag-->Varþova: 508 km

Roma-->Barselona: 857 km
Roma-->Berlin: 641 km
Roma-->Brüksel: 206 km
Roma-->Buçarest: 1111 km
Roma-->Budapeþte: 641 km
Roma-->Kopenhag: 901 km
Roma-->Dublin: 612 km
Roma-->Hamburg: 615 km
Roma-->Ýstanbul: 1373 km
Roma-->Kiyev: 1534 km
Roma-->Londra: 281 km
Roma-->Madrid: 352 km
Roma-->Milan: 132 km
Roma-->Moskova: 2150 km
Roma-->Münih: 198 km
Roma-->Paris: 24 km
Roma-->Prag: 497 km
Roma-->Roma: 0 km
Roma-->Sen Petersburg: 1956 km
Roma-->Stokholm: 1420 km
Roma-->Viyana: 490 km
Roma-->Varþova: 1005 km

Sen Petersburg-->Barselona: 2813 km
Sen Petersburg-->Berlin: 1315 km
Sen Petersburg-->Brüksel: 1750 km
Sen Petersburg-->Buçarest: 845 km
Sen Petersburg-->Budapeþte: 1315 km
Sen Petersburg-->Kopenhag: 1055 km
Sen Petersburg-->Dublin: 1344 km
Sen Petersburg-->Hamburg: 1341 km
Sen Petersburg-->Ýstanbul: 583 km
Sen Petersburg-->Kiyev: 422 km
Sen Petersburg-->Londra: 1675 km
Sen Petersburg-->Madrid: 2308 km
Sen Petersburg-->Milan: 2088 km
Sen Petersburg-->Moskova: 194 km
Sen Petersburg-->Münih: 1758 km
Sen Petersburg-->Paris: 1980 km
Sen Petersburg-->Prag: 1459 km
Sen Petersburg-->Roma: 1956 km
Sen Petersburg-->Sen Petersburg: 0 km
Sen Petersburg-->Stokholm: 536 km
Sen Petersburg-->Viyana: 1466 km
Sen Petersburg-->Varþova: 951 km

Stokholm-->Barselona: 2277 km
Stokholm-->Berlin: 779 km
Stokholm-->Brüksel: 1214 km
Stokholm-->Buçarest: 309 km
Stokholm-->Budapeþte: 779 km
Stokholm-->Kopenhag: 519 km
Stokholm-->Dublin: 808 km
Stokholm-->Hamburg: 805 km
Stokholm-->Ýstanbul: 47 km
Stokholm-->Kiyev: 114 km
Stokholm-->Londra: 1139 km
Stokholm-->Madrid: 1772 km
Stokholm-->Milan: 1552 km
Stokholm-->Moskova: 730 km
Stokholm-->Münih: 1222 km
Stokholm-->Paris: 1444 km
Stokholm-->Prag: 923 km
Stokholm-->Roma: 1420 km
Stokholm-->Sen Petersburg: 536 km
Stokholm-->Stokholm: 0 km
Stokholm-->Viyana: 930 km
Stokholm-->Varþova: 415 km

Viyana-->Barselona: 1347 km
Viyana-->Berlin: 151 km
Viyana-->Brüksel: 284 km
Viyana-->Buçarest: 621 km
Viyana-->Budapeþte: 151 km
Viyana-->Kopenhag: 411 km
Viyana-->Dublin: 122 km
Viyana-->Hamburg: 125 km
Viyana-->Ýstanbul: 883 km
Viyana-->Kiyev: 1044 km
Viyana-->Londra: 209 km
Viyana-->Madrid: 842 km
Viyana-->Milan: 622 km
Viyana-->Moskova: 1660 km
Viyana-->Münih: 292 km
Viyana-->Paris: 514 km
Viyana-->Prag: 7 km
Viyana-->Roma: 490 km
Viyana-->Sen Petersburg: 1466 km
Viyana-->Stokholm: 930 km
Viyana-->Viyana: 0 km
Viyana-->Varþova: 515 km

Varþova-->Barselona: 1862 km
Varþova-->Berlin: 364 km
Varþova-->Brüksel: 799 km
Varþova-->Buçarest: 106 km
Varþova-->Budapeþte: 364 km
Varþova-->Kopenhag: 104 km
Varþova-->Dublin: 393 km
Varþova-->Hamburg: 390 km
Varþova-->Ýstanbul: 368 km
Varþova-->Kiyev: 529 km
Varþova-->Londra: 724 km
Varþova-->Madrid: 1357 km
Varþova-->Milan: 1137 km
Varþova-->Moskova: 1145 km
Varþova-->Münih: 807 km
Varþova-->Paris: 1029 km
Varþova-->Prag: 508 km
Varþova-->Roma: 1005 km
Varþova-->Sen Petersburg: 951 km
Varþova-->Stokholm: 415 km
Varþova-->Viyana: 515 km
Varþova-->Varþova: 0 km

"""